50,4,-51,5,-51,6,-50,6]
50,4,-51,5,-51,6,-50,6]
50,4,-51,5,-51,6,-50,6]
50,4,-51,5,-51,6,-50,6]
50,4,-51,5,-51,6,-50,6]
50,4,-51,5,-51,6,-50,6]
50,4,-51,5,-51,6,-50,6]
50,4,-51,5,-51,6,-50,6]
50,4,-51,5,-51,6,-50,6]
50,4,-51,5,-51,6,-50,6]
50,4,-51,5,-51,6,-50,6]
50,4,-51,5,-51,6,-50,6]
50,4,-51,5,-51,6,-50,6]
50,4,-51,5,-51,6,-50,6]
50,4,-51,5,-51,6,-50,6]
50,4,-51,5,-51,6,-50,6]
50,4,-51,5,-51,6,-50,6]
50,4,-51,5,-51,6,-50,6]
50,4,-51,5,-51,6,-50,6]
50,4,-51,5,-51,6,-50,6]
50,4,-51,5,-51,6,-50,6]
50,4,-51,5,-51,6,-50,6]
50,4,-51,5,-51,6,-50,6]
50,4,-51,5,-51,6,-50,6]
50,4,-51,5,-51,6,-50,6]
50,4,-51,5,-51,6,-50,6]
50,4,-51,5,-51,6,-50,6]
50,4,-51,5,-51,6,-50,6]
50,4,-51,5,-51,6,-50,6]
50,4,-51,5,-51,6,-50,6]
50,4,-51,5,-51,6,-50,6]
50,4,-51,5,-51,6,-50,6]
50,4,-51,5,-51,6,-50,6]
50,4,-51,5,-51,6,-50,6]
50,4,-51,5,-51,6,-50,6]
50,4,-51,5,-51,6,-50,6]
50,4,-51,5,-51,6,-50,6]
50,4,-51,5,-51,6,-50,6]
50,4,-51,5,-51,6,-50,6]
50,4,-51,5,-51,6,-50,6]
50,4,-51,5,-51,6,-50,6]
50,4,-51,5,-51,6,-50,6]
50,4,-51,5,-51,6,-50,6]
50,4,-51,5,-51,6,-50,6]
50,4,-51,5,-51,6,-50,6]
50,4,-51,5,-51,6,-50,6]
50,4,-51,5,-51,6,-50,6]
50,4,-51,5,-51,6,-50,6]
50,4,-51,5,-51,6,-50,6]
50,4,-51,5,-51,6,-50,6]
50,4,-51,5,-51,6,-50,6]
50,4,-51,5,-51,6,-50,6]
50,4,-51,5,-51,6,-50,6]
50,4,-51,5,-51,6,-50,6]
50,4,-51,5,-51,6,-50,6]
50,4,-51,5,-51,6,-50,6]
50,4,-51,5,-51,6,-50,6]
50,4,-51,5,-51,6,-50,6]
50,4,-51,5,-51,6,-50,6]
50,4,-51,5,-51,6,-50,6]
50,4,-51,5,-51,6,-50,6]
50,4,-51,5,-51,6,-50,6]
50,4,-51,5,-51,6,-50,6]
50,4,-51,5,-51,6,-50,6]
50,4,-51,5,-51,6,-50,6]
50,4,-51,5,-51,6,-50,6]
50,4,-51,5,-51,6,-50,6]
50,4,-51,5,-51,6,-50,6]
50,4,-51,5,-51,6,-50,6]
50,4,-51,5,-51,6,-50,6]
50,4,-51,5,-51,6,-50,6]
50,4,-51,5,-51,6,-50,6]
50,4,-51,5,-51,6,-50,6]
50,4,-51,5,-51,6,-50,6]
50,4,-51,5,-51,6,-50,6]
50,4,-51,5,-51,6,-50,6]
50,4,-51,5,-51,6,-50,6]
50,4,-51,5,-51,6,-50,6]
50,4,-51,5,-51,6,-50,6]
50,4,-51,5,-51,6,-50,6]
50,4,-51,5,-51,6,-50,6]
50,4,-51,5,-51,6,-50,6]
50,4,-51,5,-51,6,-50,6]
50,4,-51,5,-51,6,-50,6]
50,4,-51,5,-51,6,-50,6]
50,4,-51,5,-51,6,-50,6]
50,4,-51,5,-51,6,-50,6]
50,4,-51,5,-51,6,-50,6]
50,4,-51,5,-51,6,-50,6]
50,4,-51,5,-51,6,-50,6]
50,4,-51,5,-51,6,-50,6]
50,4,-51,5,-51,6,-50,6]
50,4,-51,5,-51,6,-50,6]
50,4,-51,5,-51,6,-50,6]
50,4,-51,5,-51,6,-50,6]
50,4,-51,5,-51,6,-50,6]
50,4,-51,5,-51,6,-50,6]
50,4,-51,5,-51,6,-50,6]
50,4,-51,5,-51,6,-50,6]
50,4,-51,5,-51,6,-50,6]
50,4,-51,5,-51,6,-50,6]
50,4,-51,5,-51,6,-50,6]
50,4,-51,5,-51,6,-50,6]
50,4,-51,5,-51,6,-50,6]
50,4,-51,5,-51,6,-50,6]
50,4,-51,5,-51,6,-50,6]
50,4,-51,5,-51,6,-50,6]
50,4,-51,5,-51,6,-50,6]
50,4,-51,5,-51,6,-50,6]
50,4,-51,5,-51,6,-50,6]
50,4,-51,5,-51,6,-50,6]
50,4,-51,5,-51,6,-50,6]
50,4,-51,5,-51,6,-50,6]
50,4,-51,5,-51,6,-50,6]
50,4,-51,5,-51,6,-50,6]
50,4,-51,5,-51,6,-50,6]
50,4,-51,5,-51,6,-50,6]
50,4,-51,5,-51,6,-50,6]
50,4,-51,5,-51,6,-50,6]
50,4,-51,5,-51,6,-50,6]
50,4,-51,5,-51,6,-50,6]
50,4,-51,5,-51,6,-50,6]
50,4,-51,5,-51,6,-50,6]
50,4,-51,5,-51,6,-50,6]
50,4,-51,5,-51,6,-50,6]
50,4,-51,5,-51,6,-50,6]
50,4,-51,5,-51,6,-50,6]
50,4,-51,5,-51,6,-50,6]
50,4,-51,5,-51,6,-50,6]
50,4,-51,5,-51,6,-521:46

rst:ets Jul 29 2019 12:21:46

rst:ets Jul 29 2019 12:21:46

rst:ets Jul 29 2019 12:21:46

rst:ets Jul 29 2019 12:21:46

rst:ets Jul 29 2019 12:21:46

rst:ets Jul 29 2019 12:21:46

rst:ets Jul 29 2019 12:21:46

rst:ets Jul 29 2019 12:21:46

rst:ets Jul 29 2019 12:21:46

rst:ets Jul 29 2019 12:21:46

rst:ets Jul 29 2019 12:21:46

rst:ets Jul 29 2019 12:21:46

rst:ets Jul 29 2019 12:21:46

rst:ets Jul 29 2019 12:21:46

rst:ets Jul 29 2019 12:21:46

rst:ets Jul 29 2019 12:21:46

rst:ets Jul 29 2019 12:21:46

rst:ets Jul 29 2019 12:21:46

rst:ets Jul 29 2019 12:21:46

rst:ets Jul 29 2019 12:21:46

rst:ets Jul 29 2019 12:21:46

rst:ets Jul 29 2019 12:21:46

rst:ets Jul 29 2019 12:21:46

rst:ets Jul 29 2019 12:21:46

rst:ets Jul 29 2019 12:21:46

rst:ets Jul 29 2019 12:21:46

rst:ets Jul 29 2019 12:21:46

rst:ets Jul 29 2019 12:21:46

rst:ets Jul 29 2019 12:21:46

rst:ets Jul 29 2019 12:21:46

rst:ets Jul 29 2019 12:21:46

rst:ets Jul 29 2019 12:21:46

rst:ets Jul 29 2019 12:21:46

rst:ets Jul 29 2019 12:21:46

rst:ets Jul 29 2019 12:21:46

rst:ets Jul 29 2019 12:21:46

rst:ets Jul 29 2019 12:21:46

rst:ets Jul 29 2019 12:21:46

rst:ets Jul 29 2019 12:21:46

rst:ets Jul 29 2019 12:21:46

rst:ets Jul 29 2019 12:21:46

rst:ets Jul 29 2019 12:21:46

rst:ets Jul 29 2019 12:21:46

rst:ets Jul 29 2019 12:21:46

rst:ets Jul 29 2019 12:21:46

rst:ets Jul 29 2019 12:21:46

rst:ets Jul 29 2019 12:21:46

rst:ets Jul 29 2019 12:21:46

rst:ets Jul 29 2019 12:21:46

rst:0x1 (POWERON_RESET),boot:0x13 (SPI_FAST_FLASH_BOOT)
configsip: 0, SPIWP:0xee
clk_drv:0x00,q_drv:0x00,d_drv:0x00,cs0_drv:0x00,hd_drv:0x00,wp_drv:0x00
mode:DIO, clock div:2
load:0x3fff0030,len:7176
load:0x40078000,len:15564
ho 0 tail 12 room 4
load:0x40080400,len:4
load:0x40080404,len:3904
entry 0x40080640
[0;32mI (31) boot: ESP-IDF v5.3.1-dirty 2nd stage bootloader[0m
[0;32mI (31) boot: compile time Mar 21 2026 04:35:37[0m
[0;32mI (31) boot: Multicore bootloader[0m
[0;32mI (36) boot: chip revision: v3.1[0m
[0;32mI (40) boot.esp32: SPI Speed      : 40MHz[0m
[0;32mI (44) boot.esp32: SPI Mode       : DIO[0m
[0;32mI (49) boot.esp32: SPI Flash Size : 2MB[0m
[0;32mI (53) boot: Enabling RNG early entropy source...[0m
[0;32mI (59) boot: Partition Table:[0m
[0;32mI (62) boot: ## Label            Usage          Type ST Offset   Length[0m
[0;32mI (70) boot:  0 nvs              WiFi data        01 02 00009000 00006000[0m
[0;32mI (77) boot:  1 phy_init         RF data          01 01 0000f000 00001000[0m
[0;32mI (85) boot:  2 factory          factory app      00 00 00010000 00100000[0m
[0;32mI (92) boot: End of partition table[0m
[0;32mI (96) esp_image: segment 0: paddr=00010020 vaddr=3f400020 size=1f240h (127552) map[0m
[0;32mI (149) esp_image: segment 1: paddr=0002f268 vaddr=3ffb0000 size=00db0h (  3504) load[0m
[0;32mI (150) esp_image: segment 2: paddr=00030020 vaddr=400d0020 size=83044h (536644) map[0m
[0;32mI (338) esp_image: segment 3: paddr=000b306c vaddr=3ffb0db0 size=03120h ( 12576) load[0m
[0;32mI (343) esp_image: segment 4: paddr=000b6194 vaddr=40080000 size=1734ch ( 95052) load[0m
[0;32mI (393) boot: Loaded app from partition at offset 0x10000[0m
[0;32mI (393) boot: Disabling RNG early entropy source...[0m
[0;32mI (405) cpu_start: Multicore app[0m
[0;32mI (413) cpu_start: Pro cpu start user code[0m
[0;32mI (413) cpu_start: cpu freq: 160000000 Hz[0m
[0;32mI (413) app_init: Application information:[0m
[0;32mI (416) app_init: Project name:     app-template[0m
[0;32mI (422) app_init: App version:      757848b-dirty[0m
[0;32mI (427) app_init: Compile time:     Mar 21 2026 04:35:29[0m
[0;32mI (433) app_init: ELF file SHA256:  78ee49e68...[0m
[0;32mI (438) app_init: ESP-IDF:          v5.3.1-dirty[0m
[0;32mI (443) efuse_init: Min chip rev:     v0.0[0m
[0;32mI (448) efuse_init: Max chip rev:     v3.99 [0m
[0;32mI (453) efuse_init: Chip rev:         v3.1[0m
[0;32mI (458) heap_init: Initializing. RAM available for dynamic allocation:[0m
[0;32mI (465) heap_init: At 3FFAE6E0 len 00001920 (6 KiB): DRAM[0m
[0;32mI (471) heap_init: At 3FFB80F8 len 00027F08 (159 KiB): DRAM[0m
[0;32mI (478) heap_init: At 3FFE0440 len 00003AE0 (14 KiB): D/IRAM[0m
[0;32mI (484) heap_init: At 3FFE4350 len 0001BCB0 (111 KiB): D/IRAM[0m
[0;32mI (490) heap_init: At 4009734C len 00008CB4 (35 KiB): IRAM[0m
[0;32mI (498) spi_flash: detected chip: generic[0m
[0;32mI (501) spi_flash: flash io: dio[0m
[0;33mW (505) spi_flash: Detected size(4096k) larger than the size in the binary image header(2048k). Using the size in the binary image header.[0m
[0;32mI (519) main_task: Started on CPU0[0m
[0;32mI (529) main_task: Calling app_main()[0m
[0;32mI (559) wifi:wifi driver task: 3ffc0108, prio:23, stack:6656, core=0[0m
[0;32mI (569) wifi:wifi firmware version: ccaebfa[0m
[0;32mI (569) wifi:wifi certification version: v7.0[0m
[0;32mI (569) wifi:config NVS flash: enabled[0m
[0;32mI (569) wifi:config nano formating: disabled[0m
[0;32mI (569) wifi:Init data frame dynamic rx buffer num: 32[0m
[0;32mI (579) wifi:Init static rx mgmt buffer num: 5[0m
[0;32mI (579) wifi:Init management short buffer num: 32[0m
[0;32mI (589) wifi:Init dynamic tx buffer num: 32[0m
[0;32mI (589) wifi:Init static rx buffer size: 2212[0m
[0;32mI (599) wifi:Init static rx buffer num: 10[0m
[0;32mI (599) wifi:Init dynamic rx buffer num: 32[0m
[0;32mI (599) wifi_init: rx ba win: 6[0m
[0;32mI (609) wifi_init: accept mbox: 6[0m
[0;32mI (609) wifi_init: tcpip mbox: 32[0m
[0;32mI (609) wifi_init: udp mbox: 6[0m
[0;32mI (619) wifi_init: tcp mbox: 6[0m
[0;32mI (619) wifi_init: tcp tx win: 5760[0m
[0;32mI (629) wifi_init: tcp rx win: 5760[0m
[0;32mI (629) wifi_init: tcp mss: 1440[0m
[0;32mI (629) wifi_init: WiFi IRAM OP enabled[0m
[0;32mI (639) wifi_init: WiFi RX IRAM OP enabled[0m
[0;33mW (639) wifi:Password length matches WPA2 standards, authmode threshold changes from OPEN to WPA2[0m
[0;32mI (649) wifi:Set ps type: 0, coexist: 0[0m

[0;32mI (659) phy_init: phy_version 4830,54550f7,Jun 20 2024,14:22:08[0m
[0;32mI (749) wifi:mode : sta (d4:e9:f4:66:5f:ec)[0m
[0;32mI (749) wifi:enable tsf[0m
[0;32mI (749) main_task: Returned from app_main()[0m
[0;32mI (759) wifi:new:<11,0>, old:<1,0>, ap:<255,255>, sta:<11,0>, prof:1, snd_ch_cfg:0x0[0m
[0;32mI (759) wifi:state: init -> auth (0xb0)[0m
[0;32mI (4059) wifi:state: auth -> init (0x200)[0m
[0;32mI (4069) wifi:new:<11,0>, old:<11,0>, ap:<255,255>, sta:<11,0>, prof:1, snd_ch_cfg:0x0[0m
[0;32mI (4069) CSI: Reconnecting...[0m
[0;32mI (6479) CSI: Reconnecting...[0m
[0;32mI (6489) wifi:new:<11,0>, old:<11,0>, ap:<255,255>, sta:<11,0>, prof:1, snd_ch_cfg:0x0[0m
[0;32mI (6499) wifi:state: init -> auth (0xb0)[0m
[0;32mI (11289) wifi:state: auth -> init (0x200)[0m
[0;32mI (11299) wifi:new:<11,0>, old:<11,0>, ap:<255,255>, sta:<11,0>, prof:1, snd_ch_cfg:0x0[0m
[0;32mI (11299) CSI: Reconnecting...[0m
[0;32mI (13709) CSI: Reconnecting...[0m
[0;32mI (13719) wifi:new:<11,0>, old:<11,0>, ap:<255,255>, sta:<11,0>, prof:1, snd_ch_cfg:0x0[0m
[0;32mI (13719) wifi:state: init -> auth (0xb0)[0m
[0;32mI (15049) wifi:state: auth -> assoc (0x0)[0m
[0;32mI (15059) wifi:Association refused temporarily time 1000, comeback time 1100 (TUs)[0m
[0;32mI (16189) wifi:state: assoc -> auth (0xb0)[0m
[0;32mI (17509) wifi:state: auth -> assoc (0x0)[0m
[0;32mI (17519) wifi:state: assoc -> run (0x10)[0m
[0;32mI (17539) wifi:connected with OnePlus Nord CE 3 Lite 5G, aid = 8, channel 11, BW20, bssid = 16:f0:cf:bd:06:ef[0m
[0;32mI (17539) wifi:security: WPA3-SAE, phy: bgn, rssi: -65[0m
[0;32mI (17549) wifi:pm start, type: 0[0m

[0;32mI (17549) wifi:dp: 1, bi: 102400, li: 3, scale listen interval from 307200 us to 307200 us[0m
[0;32mI (17589) wifi:dp: 2, bi: 102400, li: 4, scale listen interval from 307200 us to 409600 us[0m
[0;32mI (17589) wifi:AP's beacon interval = 102400 us, DTIM period = 2[0m
[0;32mI (18559) esp_netif_handlers: sta ip: 10.154.45.98, mask: 255.255.255.0, gw: 10.154.45.221[0m
[0;32mI (18559) CSI: WiFi Connected - CSI Started[0m
[0;32mI (95999) wifi:<ba-add>idx:0 (ifx:0, 16:f0:cf:bd:06:ef), tid:0, ssn:3, winSize:64[0m
TS:00:01:35 , RSSI:-60 , LEN:256 , DATA:[114,-96,6,0,-16,-18,-17,-17,-17,-17,-18,-16,-19,-15,-19,-14,-19,-13,-19,-13,-20,-12,-20,-12,-21,-12,-21,-12,-22,-11,-22,-11,-22,-11,-22,-12,-22,-12,-22,-13,-22,-13,-21,-13,-21,-14,-21,-15,-20,-16,-19,-18,-18,-19,-5,-5,0,0,0,0,0,0,0,0,0,0,0,0,0,0,0,0,0,0,-4,-6,-14,-21,-13,-22,-12,-23,-11,-23,-11,-23,-11,-23,-11,-24,-10,-24,-10,-24,-9,-25,-8,-25,-8,-25,-8,-25,-8,-25,-8,-26,-7,-25,-8,-24,-8,-23,-9,-22,-10,-22,-11,-23,-12,-22,-12,-21,-13,-21,-14,-21,-14,-21,-7,-10,-29,-36,-30,-34,-31,-32,-33,-31,-34,-30,-35,-28,-34,-26,-35,-24,-37,-23,-38,-22,-39,-22,-40,-21,-40,-21,-41,-21,-41,-21,-42,-21,-42,-22,-43,-23,-43,-25,-43,-26,-41,-26,-40,-27,-39,-28,-38,-30,-37,-33,-36,-35,-33,-38,-29,-40,-4,-6,-1,-1,-1,-1,0,0,0,0,0,0,-5,-5,-34,-34,-32,-36,-28,-40,-26,-41,-24,-43,-22,-43,-21,-43,-21,-45,-21,-46,-20,-47,-18,-48,-17,-48,-17,-48,-16,-48,-15,-47,-14,-47,-15,-47,-15,-46,-16,-45,-17,-44,-17,-43,-18,-43,-20,-43,-22,-42,-23,-40,-24,-40,-25,-39,-26,-38]
TS:00:01:35 , RSSI:-59 , LEN:256 , DATA:[114,-96,6,0,-7,-23,-8,-22,-9,-22,-9,-22,-10,-21,-11,-20,-12,-20,-12,-19,-13,-19,-14,-19,-15,-19,-15,-19,-16,-19,-16,-19,-16,-19,-16,-20,-15,-20,-15,-21,-15,-21,-14,-22,-13,-22,-13,-23,-12,-24,-10,-24,-9,-25,-3,-7,0,0,0,0,0,0,0,0,0,0,0,0,0,0,0,0,0,0,-2,-7,-4,-25,-4,-25,-2,-26,-1,-26,-1,-26,0,-26,1,-27,2,-27,2,-27,3,-26,4,-26,4,-26,4,-26,4,-26,4,-26,4,-25,3,-25,2,-25,1,-24,0,-24,-1,-24,-1,-25,-2,-24,-3,-24,-3,-24,-4,-24,-5,-11,-16,-42,-16,-41,-17,-41,-19,-40,-20,-39,-22,-38,-23,-36,-25,-35,-27,-34,-29,-34,-30,-35,-30,-34,-31,-33,-31,-33,-33,-33,-33,-34,-33,-35,-33,-36,-33,-38,-32,-39,-30,-39,-29,-40,-27,-42,-26,-43,-24,-45,-21,-46,-20,-46,-16,-47,-2,-7,-1,-1,-1,-1,-1,-1,-1,-1,0,0,-3,-6,-21,-42,-19,-45,-11,-47,-9,-48,-7,-49,-5,-49,-4,-49,-2,-49,-1,-51,0,-51,1,-51,3,-51,4,-50,5,-50,5,-50,5,-50,4,-49,3,-48,3,-48,2,-47,0,-46,-1,-45,-3,-46,-5,-46,-7,-45,-8,-44,-9,-44,-10,-44]
TS:00:01:36 , RSSI:-59 , LEN:256 , DATA:[114,-96,6,0,18,-13,17,-14,17,-16,16,-17,16,-18,16,-19,15,-20,15,-21,15,-22,15,-24,14,-24,15,-24,15,-25,16,-26,17,-26,18,-26,18,-27,19,-27,21,-27,21,-26,22,-25,24,-24,25,-23,27,-21,28,-20,7,-5,0,0,0,0,0,0,0,0,0,0,0,0,0,0,0,0,0,0,4,0,16,3,16,4,15,4,15,5,16,5,16,5,17,5,17,4,17,4,16,4,16,4,17,4,16,4,16,3,17,2,17,2,17,1,17,0,17,-1,17,-3,17,-4,18,-5,18,-6,18,-7,18,-8,18,-9,8,-6,34,-24,34,-25,34,-28,33,-30,33,-32,32,-34,31,-36,30,-38,29,-40,29,-42,29,-44,29,-46,29,-47,30,-48,31,-49,33,-50,34,-50,36,-50,39,-50,41,-50,42,-48,44,-46,46,-45,49,-44,52,-41,54,-38,59,-31,61,-26,7,-3,0,0,-1,-1,0,0,0,0,-1,-1,4,0,33,3,32,5,31,7,30,8,30,9,31,9,31,9,31,9,31,10,32,10,32,10,32,9,32,9,32,8,32,8,32,7,32,5,32,4,32,2,32,0,33,-2,33,-4,34,-6,35,-9,35,-12,35,-14,34,-16,34,-17]
TS:00:01:37 , RSSI:-60 , LEN:256 , DATA:[114,-96,6,0,-21,5,-22,7,-22,8,-22,9,-22,10,-22,10,-22,11,-22,13,-22,14,-23,14,-23,15,-24,15,-24,16,-25,16,-25,16,-26,15,-26,15,-28,15,-28,14,-29,13,-29,12,-30,11,-31,9,-32,8,-32,6,-8,1,0,0,0,0,0,0,0,0,0,0,0,0,0,0,0,0,0,0,-6,-3,-21,-11,-21,-12,-20,-13,-19,-13,-19,-13,-19,-13,-19,-13,-19,-13,-18,-13,-18,-13,-17,-13,-17,-13,-17,-13,-17,-12,-17,-11,-17,-10,-17,-9,-17,-8,-18,-7,-18,-6,-19,-5,-19,-3,-19,-2,-20,-1,-20,0,-20,1,-11,1,-40,8,-41,9,-42,12,-42,14,-42,16,-42,18,-42,19,-42,21,-43,23,-44,25,-44,27,-45,29,-45,30,-46,30,-48,30,-49,29,-50,29,-52,28,-55,27,-56,25,-57,23,-57,21,-58,20,-59,18,-61,15,-62,11,-64,2,-64,-2,-9,-1,-1,-1,-1,-1,-1,0,-1,0,0,0,-6,-2,-44,-14,-43,-17,-40,-21,-39,-23,-38,-24,-37,-25,-36,-25,-35,-26,-35,-27,-35,-27,-33,-27,-33,-26,-33,-26,-33,-25,-32,-24,-32,-22,-32,-21,-32,-20,-32,-18,-33,-16,-33,-13,-34,-11,-35,-9,-36,-7,-37,-4,-37,-1,-38,1,-38,2]
TS:00:01:38 , RSSI:-60 , LEN:256 , DATA:[114,-96,6,0,-6,-20,-7,-20,-8,-21,-10,-21,-11,-21,-12,-21,-13,-21,-14,-22,-15,-22,-16,-23,-18,-23,-18,-23,-18,-24,-18,-25,-18,-26,-18,-26,-18,-28,-18,-29,-17,-30,-16,-30,-15,-31,-14,-31,-13,-32,-11,-34,-10,-35,-3,-9,0,0,0,0,0,0,0,0,0,0,0,0,0,0,0,0,0,0,3,-4,15,-13,15,-13,15,-12,15,-12,15,-12,15,-11,15,-11,15,-11,15,-11,14,-11,14,-11,13,-11,12,-11,12,-11,11,-12,10,-12,9,-13,8,-13,6,-14,5,-14,4,-15,3,-16,2,-16,0,-17,-1,-17,-1,-18,-2,-5,-5,-19,-6,-19,-7,-19,-8,-20,-10,-20,-11,-20,-11,-20,-12,-20,-14,-21,-15,-21,-16,-22,-17,-22,-17,-22,-18,-22,-18,-23,-18,-24,-18,-25,-18,-26,-18,-28,-17,-29,-16,-29,-15,-30,-14,-31,-13,-31,-11,-32,-10,-33,-6,-34,-3,-35,-1,-5,-1,-1,-1,-1,-1,-1,-1,-1,0,0,1,-2,12,-16,13,-15,14,-13,14,-13,14,-12,14,-12,14,-12,14,-12,14,-11,14,-11,14,-11,13,-11,13,-11,12,-11,12,-11,11,-11,10,-11,9,-12,8,-12,7,-13,6,-13,5,-14,4,-14,3,-15,2,-16,0,-16,-1,-17,-2,-17]
TS:00:01:39 , RSSI:-60 , LEN:256 , DATA:[114,-96,6,0,20,-5,20,-6,20,-7,21,-9,20,-10,20,-11,20,-12,21,-13,21,-14,22,-15,22,-15,23,-16,23,-16,24,-17,25,-17,26,-17,26,-17,27,-17,28,-16,29,-15,29,-14,30,-12,31,-11,32,-9,33,-8,8,-2,0,0,0,0,0,0,0,0,0,0,0,0,0,0,0,0,0,0,3,2,14,12,13,12,12,13,12,13,12,13,12,13,12,13,13,12,12,12,12,12,12,12,12,12,12,12,12,11,13,10,13,9,13,8,13,7,14,6,15,5,16,4,16,3,16,2,17,1,18,0,18,-1,4,-2,18,-5,18,-6,19,-7,19,-8,19,-9,19,-11,19,-11,19,-12,19,-13,20,-14,20,-15,21,-16,21,-17,21,-17,22,-17,23,-17,24,-17,25,-17,26,-17,27,-16,27,-15,28,-14,28,-13,30,-12,31,-10,32,-9,32,-6,33,-3,4,-1,-1,-1,-1,-1,-1,-1,-1,-1,0,0,2,0,16,7,15,9,14,11,13,11,13,11,13,11,12,11,12,12,12,12,12,12,12,12,12,11,12,11,12,11,12,10,12,9,13,9,13,8,13,8,13,6,14,5,14,4,15,3,16,2,16,1,16,0,17,-1,17,-2]
TS:00:01:40 , RSSI:-59 , LEN:256 , DATA:[114,-96,6,0,-13,-20,-14,-20,-15,-20,-16,-19,-17,-19,-18,-18,-18,-18,-19,-18,-20,-18,-21,-18,-22,-17,-23,-17,-23,-18,-23,-18,-23,-19,-24,-20,-23,-20,-23,-22,-23,-23,-22,-23,-21,-24,-21,-25,-19,-26,-18,-27,-16,-28,-4,-7,0,0,0,0,0,0,0,0,0,0,0,0,0,0,0,0,0,0,-1,-6,-1,-22,0,-22,0,-22,1,-22,1,-22,2,-22,2,-23,3,-23,3,-23,3,-22,3,-23,3,-23,2,-23,2,-22,1,-22,1,-22,0,-22,-1,-22,-2,-21,-3,-21,-4,-21,-5,-22,-6,-21,-7,-21,-8,-21,-8,-22,-7,-10,-26,-37,-27,-37,-28,-36,-30,-35,-32,-35,-34,-34,-35,-32,-37,-31,-39,-31,-42,-31,-43,-31,-44,-31,-45,-31,-46,-31,-46,-32,-47,-33,-47,-34,-47,-36,-47,-38,-46,-40,-45,-42,-43,-43,-42,-46,-40,-48,-38,-50,-35,-53,-33,-54,-28,-56,-4,-8,-1,-1,-1,-1,0,0,0,0,0,0,-2,-5,-12,-40,-11,-41,-5,-42,-3,-42,-2,-42,-1,-42,0,-42,1,-42,1,-43,2,-44,2,-43,2,-43,3,-43,3,-43,3,-43,2,-42,1,-43,-1,-42,-3,-42,-4,-41,-5,-40,-7,-40,-9,-40,-12,-40,-13,-40,-16,-39,-18,-39,-19,-39]
TS:00:01:41 , RSSI:-58 , LEN:256 , DATA:[114,-96,6,0,-15,-18,-17,-18,-17,-18,-18,-17,-19,-17,-20,-16,-21,-16,-22,-16,-23,-15,-24,-15,-25,-15,-25,-15,-26,-15,-26,-16,-26,-17,-26,-17,-26,-18,-26,-20,-26,-21,-25,-22,-24,-23,-24,-24,-23,-25,-21,-26,-20,-27,-5,-7,0,0,0,0,0,0,0,0,0,0,0,0,0,0,0,0,0,0,0,-5,0,-18,1,-18,1,-19,2,-19,2,-18,2,-18,2,-19,2,-19,2,-19,2,-19,2,-19,2,-19,1,-19,1,-19,0,-19,-1,-19,-1,-19,-2,-19,-4,-19,-5,-19,-6,-19,-7,-19,-8,-19,-9,-19,-10,-19,-11,-19,-8,-8,-31,-32,-32,-31,-34,-31,-35,-30,-37,-29,-39,-28,-40,-27,-41,-26,-44,-26,-46,-25,-48,-24,-49,-24,-50,-24,-51,-24,-52,-25,-53,-27,-53,-28,-53,-30,-54,-32,-53,-34,-51,-36,-50,-38,-49,-40,-47,-43,-45,-46,-43,-49,-42,-50,-38,-53,-5,-7,-1,-1,-1,-1,-1,-1,0,0,0,0,-2,-5,-9,-34,-8,-34,-2,-35,-1,-35,-1,-35,0,-35,0,-35,0,-36,1,-36,1,-37,1,-36,0,-36,0,-36,1,-36,0,-36,-2,-36,-3,-35,-5,-36,-7,-36,-9,-35,-10,-35,-12,-35,-14,-35,-16,-35,-19,-35,-21,-34,-23,-33,-24,-33]
TS:00:01:42 , RSSI:-59 , LEN:256 , DATA:[114,-96,6,0,-22,3,-23,4,-23,5,-23,6,-23,7,-23,8,-23,9,-23,11,-24,12,-24,12,-24,13,-25,13,-25,13,-26,14,-27,14,-28,14,-29,13,-30,13,-30,12,-31,10,-31,9,-32,8,-32,6,-33,4,-33,3,-9,0,0,0,0,0,0,0,0,0,0,0,0,0,0,0,0,0,0,0,-4,-3,-14,-11,-14,-12,-13,-12,-13,-13,-13,-13,-13,-12,-13,-13,-13,-13,-13,-12,-13,-13,-13,-13,-13,-13,-13,-12,-13,-11,-14,-11,-14,-10,-15,-9,-15,-8,-16,-7,-16,-6,-17,-6,-18,-5,-18,-3,-19,-2,-20,-1,-20,0,-6,0,-21,3,-21,4,-21,4,-21,5,-21,7,-22,8,-22,9,-22,10,-22,10,-23,11,-23,12,-23,13,-24,14,-24,14,-25,14,-26,14,-26,14,-27,13,-28,12,-29,12,-29,10,-30,9,-30,8,-31,7,-32,5,-32,3,-32,1,-32,-2,-4,-1,0,-1,-1,-1,-1,-1,-1,-1,0,0,-2,-1,-16,-8,-15,-9,-14,-11,-14,-11,-13,-11,-13,-12,-13,-12,-13,-12,-13,-12,-13,-12,-13,-12,-13,-12,-13,-12,-13,-12,-14,-11,-14,-10,-14,-10,-15,-9,-15,-9,-15,-8,-16,-7,-16,-6,-17,-4,-17,-4,-18,-3,-19,-1,-19,0,-19,0]
TS:00:01:43 , RSSI:-59 , LEN:256 , DATA:[114,-96,6,0,-20,4,-21,5,-21,7,-21,8,-21,9,-21,10,-21,11,-22,12,-22,13,-22,14,-23,14,-23,15,-24,15,-24,16,-25,16,-26,15,-27,15,-28,15,-29,14,-29,13,-30,11,-31,10,-31,9,-32,7,-32,5,-8,1,0,0,0,0,0,0,0,0,0,0,0,0,0,0,0,0,0,0,-4,-3,-15,-12,-15,-13,-14,-13,-14,-14,-14,-14,-14,-13,-14,-13,-14,-13,-13,-13,-13,-13,-13,-13,-13,-12,-13,-12,-13,-11,-13,-10,-14,-9,-14,-9,-14,-8,-15,-6,-16,-5,-16,-5,-17,-3,-17,-2,-18,-1,-18,0,-18,1,-10,2,-38,9,-38,10,-39,12,-39,15,-40,17,-40,19,-40,21,-40,22,-40,24,-41,26,-42,28,-42,30,-43,31,-44,31,-45,32,-47,32,-48,31,-51,30,-53,30,-55,28,-55,26,-57,24,-58,22,-60,20,-61,16,-63,12,-64,7,-64,3,-8,0,-1,-1,-1,-1,0,0,0,0,0,0,-5,-2,-34,-16,-33,-18,-30,-23,-29,-24,-28,-24,-27,-25,-26,-24,-26,-24,-26,-25,-26,-25,-25,-24,-25,-23,-25,-23,-25,-22,-26,-21,-26,-20,-26,-18,-27,-17,-27,-16,-28,-13,-29,-10,-30,-8,-31,-7,-32,-5,-33,-3,-34,-1,-35,2,-35,4]
TS:00:01:44 , RSSI:-58 , LEN:256 , DATA:[114,-96,6,0,19,-5,19,-6,19,-7,19,-8,19,-8,19,-9,19,-10,19,-11,19,-12,19,-13,20,-13,20,-13,20,-14,21,-14,22,-14,23,-13,23,-13,24,-13,25,-12,25,-11,25,-10,26,-8,26,-7,27,-6,27,-4,6,-1,0,0,0,0,0,0,0,0,0,0,0,0,0,0,0,0,0,0,3,1,12,5,12,6,11,6,11,7,11,7,12,6,12,7,12,7,12,7,12,7,12,6,12,7,13,7,13,6,13,6,13,5,14,4,14,3,14,3,15,2,16,2,16,1,16,0,17,-1,17,-2,18,-3,8,-3,36,-9,36,-9,36,-11,36,-12,37,-14,37,-16,37,-17,37,-18,38,-20,38,-22,38,-23,39,-24,39,-25,40,-25,41,-25,43,-25,44,-24,46,-23,48,-22,49,-21,49,-19,49,-17,50,-15,51,-13,52,-9,53,-6,53,2,53,7,6,1,-1,-1,-1,-1,-1,-1,0,0,0,0,2,0,23,8,23,9,22,11,22,12,22,13,22,13,22,13,22,14,23,14,23,14,23,14,23,14,24,14,24,13,25,13,25,12,26,11,26,11,26,9,27,8,28,6,29,5,30,4,31,2,32,0,33,-1,34,-3,34,-4]
TS:00:01:45 , RSSI:-60 , LEN:256 , DATA:[114,-96,6,0,-17,-19,-18,-18,-19,-18,-20,-18,-21,-17,-22,-17,-22,-16,-23,-16,-24,-16,-25,-16,-26,-16,-26,-16,-27,-17,-27,-17,-27,-18,-27,-19,-27,-20,-27,-21,-26,-22,-25,-22,-25,-23,-24,-25,-23,-26,-21,-27,-20,-28,-5,-7,0,0,0,0,0,0,0,0,0,0,0,0,0,0,0,0,0,0,0,-4,0,-15,1,-15,1,-15,1,-16,1,-15,1,-16,1,-16,1,-16,0,-16,0,-17,0,-17,0,-17,-1,-17,-2,-17,-2,-17,-3,-18,-4,-18,-5,-18,-6,-18,-7,-18,-8,-18,-9,-19,-10,-18,-11,-19,-12,-19,-13,-19,-9,-9,-34,-33,-35,-32,-37,-31,-39,-31,-41,-31,-42,-29,-43,-28,-44,-27,-47,-27,-49,-27,-51,-26,-52,-26,-53,-26,-54,-27,-54,-28,-55,-29,-55,-31,-55,-32,-55,-34,-54,-37,-52,-38,-51,-40,-50,-42,-48,-44,-46,-47,-43,-51,-44,-50,-40,-54,-5,-7,0,0,-1,-1,0,0,0,0,-1,-1,-1,-4,-6,-27,-5,-28,-2,-29,-1,-29,0,-29,0,-29,0,-29,-1,-30,-1,-31,-1,-32,-2,-32,-2,-32,-3,-32,-3,-32,-4,-32,-5,-32,-7,-33,-8,-34,-10,-34,-12,-33,-13,-33,-15,-33,-18,-33,-20,-34,-22,-34,-24,-33,-26,-33,-28,-33]
TS:00:01:46 , RSSI:-60 , LEN:256 , DATA:[114,-96,6,0,-26,-10,-27,-10,-28,-9,-29,-8,-30,-7,-30,-7,-31,-6,-31,-5,-32,-4,-33,-4,-35,-4,-35,-3,-36,-4,-37,-4,-37,-5,-38,-6,-38,-7,-38,-8,-39,-9,-38,-11,-38,-12,-37,-13,-37,-15,-37,-17,-36,-19,-9,-5,0,0,0,0,0,0,0,0,0,0,0,0,0,0,0,0,0,0,-1,-4,-4,-16,-3,-16,-3,-16,-3,-16,-4,-16,-4,-16,-4,-16,-4,-16,-5,-16,-5,-16,-5,-16,-6,-16,-7,-16,-8,-16,-8,-16,-9,-15,-10,-15,-11,-15,-12,-14,-14,-14,-16,-14,-17,-13,-18,-13,-19,-12,-21,-12,-21,-11,-6,-3,-24,-11,-24,-10,-25,-10,-26,-9,-27,-9,-28,-8,-29,-7,-29,-6,-30,-6,-31,-6,-33,-5,-33,-5,-34,-5,-34,-5,-35,-5,-36,-6,-36,-7,-37,-8,-37,-9,-37,-10,-37,-12,-36,-13,-36,-14,-36,-16,-35,-18,-34,-20,-32,-25,-30,-27,-4,-4,-1,-1,-1,-1,0,0,0,0,0,0,-1,-2,-3,-15,-3,-16,-3,-16,-3,-16,-3,-16,-3,-16,-3,-16,-3,-16,-3,-16,-3,-16,-4,-16,-4,-16,-5,-16,-5,-16,-6,-16,-7,-16,-8,-16,-9,-16,-10,-15,-11,-15,-12,-14,-13,-14,-14,-14,-16,-14,-17,-13,-18,-13,-19,-12,-20,-12]
TS:00:01:47 , RSSI:-59 , LEN:256 , DATA:[114,-96,6,0,20,-6,20,-7,20,-7,20,-8,20,-9,20,-10,20,-11,20,-12,20,-13,21,-14,21,-14,21,-14,22,-15,23,-15,23,-15,24,-14,25,-14,26,-13,26,-13,27,-12,27,-10,27,-9,28,-8,29,-6,29,-5,7,-1,0,0,0,0,0,0,0,0,0,0,0,0,0,0,0,0,0,0,3,1,13,6,12,6,12,7,12,7,12,7,12,7,13,7,13,7,13,7,13,7,13,7,13,7,13,7,14,6,14,6,14,5,15,5,15,4,15,3,16,3,16,2,17,1,17,0,18,-1,19,-2,19,-3,9,-2,38,-6,39,-7,39,-9,40,-11,40,-13,40,-14,40,-16,40,-17,41,-19,42,-20,42,-22,43,-23,43,-24,44,-24,46,-24,47,-23,49,-22,50,-21,52,-20,53,-19,53,-17,53,-15,54,-13,55,-10,56,-7,56,-3,56,9,55,14,6,2,0,0,-1,-1,0,0,0,0,-1,-1,3,1,24,11,23,14,23,14,23,15,22,15,22,15,22,15,23,16,23,17,23,17,23,17,24,17,24,16,24,16,25,15,26,15,26,14,26,13,27,12,28,11,29,9,30,7,31,6,33,5,34,3,35,1,36,-1,36,-2]
TS:00:01:48 , RSSI:-60 , LEN:256 , DATA:[114,-96,6,0,8,18,9,18,10,18,11,18,12,18,12,18,13,17,14,17,15,17,16,18,17,18,17,18,17,19,17,19,18,20,17,21,17,22,17,23,16,24,15,24,14,25,13,25,12,26,10,27,9,28,2,7,0,0,0,0,0,0,0,0,0,0,0,0,0,0,0,0,0,0,-2,3,-6,15,-7,15,-7,15,-7,15,-7,15,-8,15,-8,15,-8,15,-8,15,-8,15,-8,15,-7,15,-7,15,-6,15,-6,15,-5,15,-4,15,-3,15,-2,16,-1,16,0,16,1,17,2,17,3,17,4,18,4,18,2,9,12,36,13,36,14,36,16,36,18,36,20,36,21,35,23,35,25,35,27,36,29,36,30,37,30,37,31,38,31,39,32,41,31,42,31,44,30,46,29,47,27,48,25,49,23,50,21,52,18,54,14,56,5,58,0,58,-1,7,-1,-1,-1,-1,0,0,0,0,0,0,-2,3,-12,30,-13,30,-13,30,-15,29,-15,28,-16,28,-16,27,-16,28,-17,28,-17,28,-17,28,-17,27,-16,28,-15,28,-15,28,-14,28,-13,28,-12,29,-10,29,-8,29,-7,29,-5,30,-3,31,-1,32,1,33,3,33,5,34,7,35]
TS:00:01:49 , RSSI:-58 , LEN:256 , DATA:[114,-96,6,0,-18,17,-18,18,-17,19,-17,20,-16,20,-15,21,-15,22,-14,23,-14,25,-14,25,-13,26,-13,26,-14,27,-14,28,-15,28,-16,28,-17,28,-18,29,-19,28,-20,27,-21,26,-22,25,-24,24,-25,23,-26,22,-7,5,0,0,0,0,0,0,0,0,0,0,0,0,0,0,0,0,0,0,-5,0,-20,3,-20,2,-21,2,-21,1,-21,1,-21,1,-22,1,-22,1,-22,1,-22,0,-22,0,-22,1,-21,1,-21,1,-21,2,-21,2,-21,3,-21,5,-20,5,-20,6,-20,8,-20,9,-20,10,-19,11,-19,12,-19,13,-9,8,-33,33,-33,34,-32,36,-31,38,-30,41,-29,43,-27,44,-26,45,-25,47,-24,48,-24,50,-24,52,-25,53,-25,54,-25,55,-27,55,-29,55,-30,55,-32,56,-35,55,-37,53,-39,52,-41,51,-44,49,-47,46,-50,43,-55,38,-58,33,-15,7,0,0,0,0,0,0,0,0,0,0,-9,3,-37,14,-37,12,-38,9,-38,7,-40,6,-40,5,-40,5,-39,4,-40,4,-41,4,-41,3,-41,3,-41,2,-41,2,-42,3,-42,4,-41,5,-40,7,-39,8,-38,11,-37,13,-37,15,-38,18,-38,20,-37,22,-36,24,-35,26,-34,26]
TS:00:01:50 , RSSI:-58 , LEN:256 , DATA:[114,-96,6,0,23,-4,24,-5,25,-6,25,-7,24,-8,24,-10,24,-11,24,-12,25,-13,25,-14,26,-15,26,-15,27,-16,27,-16,28,-16,29,-16,30,-15,31,-15,32,-14,32,-13,33,-12,33,-10,34,-8,35,-6,36,-5,9,-1,0,0,0,0,0,0,0,0,0,0,0,0,0,0,0,0,0,0,4,2,19,10,18,11,18,12,17,12,17,13,17,13,18,13,18,13,17,13,17,13,17,13,17,13,16,13,17,12,17,12,17,11,18,10,18,9,18,8,19,7,20,6,20,5,21,3,21,2,22,1,23,0,5,-1,23,-3,23,-5,23,-6,23,-7,23,-8,23,-9,23,-10,23,-11,24,-12,24,-13,24,-14,24,-16,25,-16,25,-16,26,-16,27,-16,28,-16,29,-15,30,-14,31,-13,32,-12,32,-11,32,-10,33,-9,34,-7,35,-4,35,-1,35,2,8,0,0,0,0,0,0,0,0,0,0,0,4,1,19,6,19,7,18,9,18,10,18,11,17,11,17,11,17,12,17,13,17,13,17,13,16,12,16,12,17,12,17,11,17,11,17,11,17,10,17,9,18,8,18,7,19,6,19,5,20,4,20,2,21,1,21,0,21,0]
